0.010000	0.043020	1.023406
0.020000	0.085855	1.045758
0.030000	0.128506	1.067059
0.040000	0.170976	1.087316
0.050000	0.213265	1.106531
0.060000	0.255376	1.124710
0.070000	0.297309	1.141855
0.080000	0.339066	1.157972
0.090000	0.380649	1.173062
0.100000	0.422059	1.187130
0.110000	0.463297	1.200178
0.120000	0.504365	1.212209
0.130000	0.545265	1.223226
0.140000	0.585998	1.233230
0.150000	0.626564	1.242225
0.160000	0.666966	1.250212
0.170000	0.707205	1.257192
0.180000	0.747282	1.263168
0.190000	0.787198	1.268140
0.200000	0.826955	1.272109
0.210000	0.866554	1.275077
0.220000	0.905996	1.277045
0.230000	0.945282	1.278012
0.240000	0.984414	1.277979
0.250000	1.023393	1.276946
0.260000	1.062220	1.274913
0.270000	1.100897	1.271881
0.280000	1.139423	1.267849
0.290000	1.177802	1.262819
0.300000	1.216033	1.256791
0.310000	1.254117	1.249767
0.320000	1.292057	1.241748
0.330000	1.329853	1.232735
0.340000	1.367506	1.222730
0.350000	1.405017	1.211735
0.360000	1.442388	1.199752
0.370000	1.479619	1.186784
0.380000	1.516711	1.172832
0.390000	1.553666	1.157900
0.400000	1.590484	1.141989
0.410000	1.627166	1.125104
0.420000	1.663714	1.107248
0.430000	1.700129	1.088423
0.440000	1.736411	1.068634
0.450000	1.772561	1.047883
0.460000	1.808580	1.026176
0.470000	1.844470	1.003516
0.480000	1.880231	0.979907
0.490000	1.915864	0.955354
0.500000	1.951370	0.929861
0.510000	1.986750	0.903433
0.520000	2.022005	0.876074
0.530000	2.057136	0.847791
0.540000	2.092143	0.818587
0.550000	2.127028	0.788469
0.560000	2.161790	0.757441
0.570000	2.196433	0.725509
0.580000	2.230955	0.692679
0.590000	2.265357	0.658958
0.600000	2.299642	0.624349
0.610000	2.333809	0.588861
0.620000	2.367859	0.552498
0.630000	2.401794	0.515267
0.640000	2.435613	0.477175
0.650000	2.469318	0.438229
0.660000	2.502909	0.398433
0.670000	2.536387	0.357796
0.680000	2.569753	0.316324
0.690000	2.603008	0.274024
0.700000	2.636153	0.230903
0.710000	2.669187	0.186968
0.720000	2.702113	0.142226
0.730000	2.734930	0.096684
0.740000	2.767639	0.050349
0.750000	2.800241	0.003229
0.760000	2.832737	-0.044669
0.770000	2.865128	-0.093338
0.780000	2.897413	-0.142770
0.790000	2.929594	-0.192957
0.800000	2.961672	-0.243893
0.810000	2.993647	-0.295569
0.820000	3.025519	-0.347979
0.830000	3.057290	-0.401113
0.840000	3.088960	-0.454966
0.850000	3.120530	-0.509528
0.860000	3.152000	-0.564793
0.870000	3.183371	-0.620752
0.880000	3.214644	-0.677399
0.890000	3.245819	-0.734724
0.900000	3.276896	-0.792721
0.910000	3.307877	-0.851382
0.920000	3.338762	-0.910698
0.930000	3.369552	-0.970663
0.940000	3.400247	-1.031268
0.950000	3.430848	-1.092506
0.960000	3.461355	-1.154368
0.970000	3.491769	-1.216849
0.980000	3.522090	-1.279938
0.990000	3.552320	-1.343630
1.000000	3.582458	-1.407917
1.010000	3.612505	-1.472789
1.020000	3.642462	-1.538242
1.030000	3.672329	-1.604265
1.040000	3.702107	-1.670853
1.050000	3.731797	-1.737998
1.060000	3.761398	-1.805691
1.070000	3.790912	-1.873927
1.080000	3.820338	-1.942697
1.090000	3.849678	-2.011994
1.100000	3.878932	-2.081811
1.110000	3.908100	-2.152140
1.120000	3.937184	-2.222975
1.130000	3.966182	-2.294308
1.140000	3.995097	-2.366132
1.150000	4.023928	-2.438440
1.160000	4.052676	-2.511226
1.170000	4.081341	-2.584482
1.180000	4.109924	-2.658201
1.190000	4.138425	-2.732376
1.200000	4.166845	-2.807002
1.210000	4.195184	-2.882071
1.220000	4.223443	-2.957576
1.230000	4.251622	-3.033511
1.240000	4.279722	-3.109869
1.250000	4.307743	-3.186645
1.260000	4.335685	-3.263830
1.270000	4.363549	-3.341421
1.280000	4.391336	-3.419409
1.290000	4.419045	-3.497789
1.300000	4.446678	-3.576555
1.310000	4.474234	-3.655700
1.320000	4.501714	-3.735219
1.330000	4.529119	-3.815105
1.340000	4.556449	-3.895354
1.350000	4.583703	-3.975958
1.360000	4.610884	-4.056913
1.370000	4.637991	-4.138212
1.380000	4.665024	-4.219851
1.390000	4.691984	-4.301822
1.400000	4.718872	-4.384122
1.410000	4.745687	-4.466745
1.420000	4.772431	-4.549685
1.430000	4.799102	-4.632937
1.440000	4.825703	-4.716496
1.450000	4.852233	-4.800357
1.460000	4.878693	-4.884515
1.470000	4.905082	-4.968964
1.480000	4.931402	-5.053700
1.490000	4.957653	-5.138719
1.500000	4.983834	-5.224014
1.510000	5.009947	-5.309582
1.520000	5.035992	-5.395417
1.530000	5.061970	-5.481516
1.540000	5.087879	-5.567874
1.550000	5.113722	-5.654486
1.560000	5.139497	-5.741347
1.570000	5.165207	-5.828455
1.580000	5.190850	-5.915803
1.590000	5.216427	-6.003389
1.600000	5.241939	-6.091207
1.610000	5.267386	-6.179254
1.620000	5.292769	-6.267526
1.630000	5.318086	-6.356019
1.640000	5.343340	-6.444728
1.650000	5.368530	-6.533651
1.660000	5.393656	-6.622783
1.670000	5.418720	-6.712121
1.680000	5.443720	-6.801660
1.690000	5.468658	-6.891398
1.700000	5.493534	-6.981330
1.710000	5.518348	-7.071454
1.720000	5.543100	-7.161765
1.730000	5.567791	-7.252261
1.740000	5.592421	-7.342938
1.750000	5.616991	-7.433792
1.760000	5.641500	-7.524822
1.770000	5.665949	-7.616022
1.780000	5.690338	-7.707391
1.790000	5.714668	-7.798925
1.800000	5.738938	-7.890621
1.810000	5.763150	-7.982476
1.820000	5.787303	-8.074488
1.830000	5.811398	-8.166653
1.840000	5.835434	-8.258968
1.850000	5.859413	-8.351432
1.860000	5.883335	-8.444040
1.870000	5.907199	-8.536791
1.880000	5.931006	-8.629681
1.890000	5.954757	-8.722709
1.900000	5.978451	-8.815871
1.910000	6.002089	-8.909165
1.920000	6.025671	-9.002589
1.930000	6.049197	-9.096140
1.940000	6.072668	-9.189816
1.950000	6.096084	-9.283614
1.960000	6.119446	-9.377533
1.970000	6.142752	-9.471569
1.980000	6.166005	-9.565722
1.990000	6.189203	-9.659987
2.000000	6.212347	-9.754365
2.010000	6.235438	-9.848851
2.020000	6.258476	-9.943445
2.030000	6.281460	-10.038144
2.040000	6.304392	-10.132946
2.050000	6.327271	-10.227849
2.060000	6.350098	-10.322852
2.070000	6.372872	-10.417952
2.080000	6.395595	-10.513148
2.090000	6.418266	-10.608437
2.100000	6.440886	-10.703819
2.110000	6.463454	-10.799290
2.120000	6.485972	-10.894851
2.130000	6.508439	-10.990498
2.140000	6.530855	-11.086230
2.150000	6.553221	-11.182046
2.160000	6.575538	-11.277944
2.170000	6.597804	-11.373922
2.180000	6.620021	-11.469979
2.190000	6.642188	-11.566113
2.200000	6.664306	-11.662323
2.210000	6.686376	-11.758607
2.220000	6.708396	-11.854965
2.230000	6.730369	-11.951393
2.240000	6.752293	-12.047892
2.250000	6.774168	-12.144460
2.260000	6.795996	-12.241095
2.270000	6.817777	-12.337797
2.280000	6.839510	-12.434563
2.290000	6.861195	-12.531393
2.300000	6.882834	-12.628286
2.310000	6.904426	-12.725239
2.320000	6.925971	-12.822253
2.330000	6.947470	-12.919325
2.340000	6.968922	-13.016455
2.350000	6.990329	-13.113642
2.360000	7.011689	-13.210884
2.370000	7.033004	-13.308180
2.380000	7.054274	-13.405530
2.390000	7.075498	-13.502932
2.400000	7.096678	-13.600386
2.410000	7.117812	-13.697889
2.420000	7.138902	-13.795442
2.430000	7.159947	-13.893044
2.440000	7.180949	-13.990693
2.450000	7.201905	-14.088388
2.460000	7.222819	-14.186129
2.470000	7.243688	-14.283914
2.480000	7.264514	-14.381743
2.490000	7.285296	-14.479615
2.500000	7.306035	-14.577530
2.510000	7.326731	-14.675485
2.520000	7.347385	-14.773481
2.530000	7.367995	-14.871517
2.540000	7.388564	-14.969592
2.550000	7.409089	-15.067705
2.560000	7.429573	-15.165855
2.570000	7.450015	-15.264042
2.580000	7.470415	-15.362264
2.590000	7.490773	-15.460522
2.600000	7.511090	-15.558815
2.610000	7.531366	-15.657141
2.620000	7.551601	-15.755501
2.630000	7.571794	-15.853893
2.640000	7.591947	-15.952317
2.650000	7.612059	-16.050772
2.660000	7.632131	-16.149258
2.670000	7.652163	-16.247774
2.680000	7.672154	-16.346320
2.690000	7.692106	-16.444894
2.700000	7.712017	-16.543497
2.710000	7.731889	-16.642127
2.720000	7.751722	-16.740785
2.730000	7.771515	-16.839469
2.740000	7.791269	-16.938179
2.750000	7.810984	-17.036915
2.760000	7.830660	-17.135676
2.770000	7.850297	-17.234462
2.780000	7.869896	-17.333272
2.790000	7.889456	-17.432106
2.800000	7.908978	-17.530962
2.810000	7.928462	-17.629842
2.820000	7.947908	-17.728744
2.830000	7.967317	-17.827667
2.840000	7.986687	-17.926612
2.850000	8.006020	-18.025578
2.860000	8.025316	-18.124565
2.870000	8.044574	-18.223572
2.880000	8.063796	-18.322598
2.890000	8.082980	-18.421644
2.900000	8.102128	-18.520709
2.910000	8.121239	-18.619793
2.920000	8.140313	-18.718894
2.930000	8.159351	-18.818014
2.940000	8.178353	-18.917151
2.950000	8.197318	-19.016305
2.960000	8.216248	-19.115477
2.970000	8.235142	-19.214664
2.980000	8.254000	-19.313868
2.990000	8.272823	-19.413088
3.000000	8.291610	-19.512323
3.010000	8.310362	-19.611574
3.020000	8.329079	-19.710839
3.030000	8.347760	-19.810119
3.040000	8.366407	-19.909414
3.050000	8.385019	-20.008722
3.060000	8.403597	-20.108045
3.070000	8.422139	-20.207380
3.080000	8.440648	-20.306729
3.090000	8.459122	-20.406091
3.100000	8.477562	-20.505466
3.110000	8.495968	-20.604853
3.120000	8.514341	-20.704253
3.130000	8.532679	-20.803664
3.140000	8.550984	-20.903087
3.150000	8.569255	-21.002522
3.160000	8.587493	-21.101968
3.170000	8.605698	-21.201425
3.180000	8.623869	-21.300893
3.190000	8.642008	-21.400371
3.200000	8.660113	-21.499860
3.210000	8.678186	-21.599359
3.220000	8.696226	-21.698868
3.230000	8.714234	-21.798387
3.240000	8.732209	-21.897915
3.250000	8.750152	-21.997453
3.260000	8.768063	-22.097000
3.270000	8.785942	-22.196556
3.280000	8.803788	-22.296121
3.290000	8.821603	-22.395694
3.300000	8.839386	-22.495276
3.310000	8.857138	-22.594867
3.320000	8.874857	-22.694466
3.330000	8.892546	-22.794072
3.340000	8.910203	-22.893687
3.350000	8.927829	-22.993309
3.360000	8.945424	-23.092939
3.370000	8.962988	-23.192576
3.380000	8.980522	-23.292220
3.390000	8.998024	-23.391872
3.400000	9.015496	-23.491530
3.410000	9.032937	-23.591195
3.420000	9.050348	-23.690867
3.430000	9.067729	-23.790546
3.440000	9.085079	-23.890231
3.450000	9.102399	-23.989922
3.460000	9.119689	-24.089619
3.470000	9.136950	-24.189323
3.480000	9.154180	-24.289032
3.490000	9.171381	-24.388747
3.500000	9.188552	-24.488468
3.510000	9.205694	-24.588194
3.520000	9.222807	-24.687926
3.530000	9.239890	-24.787663
3.540000	9.256944	-24.887406
3.550000	9.273969	-24.987153
3.560000	9.290964	-25.086906
3.570000	9.307931	-25.186664
3.580000	9.324870	-25.286426
3.590000	9.341779	-25.386193
3.600000	9.358660	-25.485965
3.610000	9.375513	-25.585741
3.620000	9.392337	-25.685522
3.630000	9.409132	-25.785308
3.640000	9.425900	-25.885097
3.650000	9.442639	-25.984891
3.660000	9.459351	-26.084689
3.670000	9.476034	-26.184491
3.680000	9.492690	-26.284296
3.690000	9.509317	-26.384106
3.700000	9.525918	-26.483920
3.710000	9.542490	-26.583737
3.720000	9.559036	-26.683558
3.730000	9.575553	-26.783382
3.740000	9.592044	-26.883210
3.750000	9.608507	-26.983042
3.760000	9.624944	-27.082877
3.770000	9.641353	-27.182715
3.780000	9.657735	-27.282556
3.790000	9.674091	-27.382400
3.800000	9.690419	-27.482248
3.810000	9.706721	-27.582099
3.820000	9.722997	-27.681952
3.830000	9.739246	-27.781809
3.840000	9.755468	-27.881668
3.850000	9.771665	-27.981531
3.860000	9.787835	-28.081396
3.870000	9.803979	-28.181263
3.880000	9.820096	-28.281134
3.890000	9.836188	-28.381007
3.900000	9.852254	-28.480882
3.910000	9.868294	-28.580760
3.920000	9.884309	-28.680640
3.930000	9.900298	-28.780523
3.940000	9.916261	-28.880408
3.950000	9.932198	-28.980296
3.960000	9.948111	-29.080185
3.970000	9.963998	-29.180077
3.980000	9.979860	-29.279971
3.990000	9.995696	-29.379868
4.000000	10.011508	-29.479766
4.010000	10.027294	-29.579666
4.020000	10.043056	-29.679568
4.030000	10.058793	-29.779473
4.040000	10.074505	-29.879379
4.050000	10.090192	-29.979287
4.060000	10.105855	-30.079197
4.070000	10.121493	-30.179108
4.080000	10.137106	-30.279022
4.090000	10.152696	-30.378937
4.100000	10.168261	-30.478854
4.110000	10.183802	-30.578772
4.120000	10.199318	-30.678692
4.130000	10.214811	-30.778614
4.140000	10.230279	-30.878537
4.150000	10.245724	-30.978462
4.160000	10.261145	-31.078388
4.170000	10.276542	-31.178316
4.180000	10.291915	-31.278246
4.190000	10.307265	-31.378176
4.200000	10.322591	-31.478108
4.210000	10.337894	-31.578042
4.220000	10.353173	-31.677976
4.230000	10.368429	-31.777912
4.240000	10.383661	-31.877850
4.250000	10.398871	-31.977788
4.260000	10.414057	-32.077728
4.270000	10.429220	-32.177669
4.280000	10.444360	-32.277611
4.290000	10.459478	-32.377555
4.300000	10.474572	-32.477499
4.310000	10.489644	-32.577445
4.320000	10.504692	-32.677391
4.330000	10.519719	-32.777339
4.340000	10.534722	-32.877288
4.350000	10.549704	-32.977238
4.360000	10.564662	-33.077189
4.370000	10.579599	-33.177140
4.380000	10.594513	-33.277093
4.390000	10.609405	-33.377047
4.400000	10.624274	-33.477002
4.410000	10.639122	-33.576957
4.420000	10.653947	-33.676913
4.430000	10.668751	-33.776871
4.440000	10.683532	-33.876829
4.450000	10.698292	-33.976788
4.460000	10.713030	-34.076748
4.470000	10.727746	-34.176708
4.480000	10.742441	-34.276670
4.490000	10.757114	-34.376632
4.500000	10.771765	-34.476595
4.510000	10.786395	-34.576559
4.520000	10.801004	-34.676523
4.530000	10.815591	-34.776488
4.540000	10.830157	-34.876454
4.550000	10.844702	-34.976420
4.560000	10.859225	-35.076387
4.570000	10.873728	-35.176355
4.580000	10.888209	-35.276324
4.590000	10.902670	-35.376293
4.600000	10.917109	-35.476263
4.610000	10.931528	-35.576233
4.620000	10.945926	-35.676204
4.630000	10.960303	-35.776175
4.640000	10.974660	-35.876147
4.650000	10.988996	-35.976120
4.660000	11.003311	-36.076093
4.670000	11.017606	-36.176067
4.680000	11.031880	-36.276041
4.690000	11.046134	-36.376016
4.700000	11.060368	-36.475991
4.710000	11.074582	-36.575967
4.720000	11.088775	-36.675943
4.730000	11.102948	-36.775920
4.740000	11.117101	-36.875897
4.750000	11.131234	-36.975875
4.760000	11.145347	-37.075853
4.770000	11.159440	-37.175831
4.780000	11.173514	-37.275810
4.790000	11.187567	-37.375789
4.800000	11.201601	-37.475769
4.810000	11.215615	-37.575749
4.820000	11.229609	-37.675730
4.830000	11.243584	-37.775711
4.840000	11.257539	-37.875692
4.850000	11.271475	-37.975674
4.860000	11.285392	-38.075656
4.870000	11.299289	-38.175639
4.880000	11.313166	-38.275621
4.890000	11.327025	-38.375604
4.900000	11.340864	-38.475588
4.910000	11.354684	-38.575572
4.920000	11.368485	-38.675556
4.930000	11.382267	-38.775540
4.940000	11.396030	-38.875525
4.950000	11.409774	-38.975510
4.960000	11.423499	-39.075496
4.970000	11.437205	-39.175481
4.980000	11.450893	-39.275467
4.990000	11.464562	-39.375453
5.000000	11.478212	-39.475440
5.010000	11.491843	-39.575427
5.020000	11.505456	-39.675414
5.030000	11.519050	-39.775401
5.040000	11.532626	-39.875388
5.050000	11.546184	-39.975376
5.060000	11.559723	-40.075364
5.070000	11.573243	-40.175353
5.080000	11.586746	-40.275341
5.090000	11.600230	-40.375330
5.100000	11.613696	-40.475319
5.110000	11.627144	-40.575308
5.120000	11.640574	-40.675297
5.130000	11.653985	-40.775287
5.140000	11.667379	-40.875277
5.150000	11.680755	-40.975267
5.160000	11.694113	-41.075257
5.170000	11.707453	-41.175248
5.180000	11.720775	-41.275238
5.190000	11.734080	-41.375229
5.200000	11.747367	-41.475220
5.210000	11.760636	-41.575211
5.220000	11.773887	-41.675202
5.230000	11.787121	-41.775194
5.240000	11.800338	-41.875186
5.250000	11.813537	-41.975177
5.260000	11.826719	-42.075169
5.270000	11.839883	-42.175162
5.280000	11.853030	-42.275154
5.290000	11.866159	-42.375146
5.300000	11.879272	-42.475139
5.310000	11.892367	-42.575132
5.320000	11.905445	-42.675125
5.330000	11.918506	-42.775118
5.340000	11.931550	-42.875111
5.350000	11.944577	-42.975104
5.360000	11.957587	-43.075098
5.370000	11.970580	-43.175092
5.380000	11.983556	-43.275085
5.390000	11.996515	-43.375079
5.400000	12.009457	-43.475073
5.410000	12.022383	-43.575067
5.420000	12.035292	-43.675061
5.430000	12.048185	-43.775056
5.440000	12.061060	-43.875050
5.450000	12.073919	-43.975045
5.460000	12.086762	-44.075039
5.470000	12.099588	-44.175034
5.480000	12.112398	-44.275029
5.490000	12.125191	-44.375024
5.500000	12.137968	-44.475019
5.510000	12.150728	-44.575014
5.520000	12.163473	-44.675010
5.530000	12.176201	-44.775005
5.540000	12.188913	-44.875000
5.550000	12.201608	-44.974996
5.560000	12.214288	-45.074992
5.570000	12.226951	-45.174987
5.580000	12.239599	-45.274983
5.590000	12.252230	-45.374979
5.600000	12.264846	-45.474975
5.610000	12.277445	-45.574971
5.620000	12.290029	-45.674967
5.630000	12.302597	-45.774964
5.640000	12.315149	-45.874960
5.650000	12.327685	-45.974956
5.660000	12.340206	-46.074953
5.670000	12.352711	-46.174949
5.680000	12.365200	-46.274946
5.690000	12.377674	-46.374942
5.700000	12.390132	-46.474939
5.710000	12.402575	-46.574936
5.720000	12.415002	-46.674933
5.730000	12.427413	-46.774930
5.740000	12.439810	-46.874927
5.750000	12.452191	-46.974924
5.760000	12.464556	-47.074921
5.770000	12.476906	-47.174918
5.780000	12.489242	-47.274915
5.790000	12.501561	-47.374912
5.800000	12.513866	-47.474910
5.810000	12.526156	-47.574907
5.820000	12.538430	-47.674904
5.830000	12.550689	-47.774902
5.840000	12.562934	-47.874899
5.850000	12.575163	-47.974897
5.860000	12.587377	-48.074895
5.870000	12.599577	-48.174892
5.880000	12.611761	-48.274890
5.890000	12.623931	-48.374888
5.900000	12.636086	-48.474886
5.910000	12.648226	-48.574883
5.920000	12.660351	-48.674881
5.930000	12.672462	-48.774879
5.940000	12.684558	-48.874877
5.950000	12.696640	-48.974875
5.960000	12.708706	-49.074873
5.970000	12.720759	-49.174871
5.980000	12.732796	-49.274870
5.990000	12.744820	-49.374868
6.000000	12.756828	-49.474866
6.010000	12.768823	-49.574864
6.020000	12.780803	-49.674862
6.030000	12.792768	-49.774861
6.040000	12.804719	-49.874859
6.050000	12.816656	-49.974858
6.060000	12.828579	-50.074856
6.070000	12.840488	-50.174854
6.080000	12.852382	-50.274853
6.090000	12.864262	-50.374851
6.100000	12.876128	-50.474850
6.110000	12.887980	-50.574848
6.120000	12.899818	-50.674847
6.130000	12.911642	-50.774846
6.140000	12.923452	-50.874844
6.150000	12.935248	-50.974843
6.160000	12.947030	-51.074842
6.170000	12.958799	-51.174840
6.180000	12.970553	-51.274839
6.190000	12.982294	-51.374838
6.200000	12.994020	-51.474837
6.210000	13.005733	-51.574836
6.220000	13.017433	-51.674834
6.230000	13.029118	-51.774833
6.240000	13.040790	-51.874832
6.250000	13.052449	-51.974831
6.260000	13.064093	-52.074830
6.270000	13.075725	-52.174829
6.280000	13.087342	-52.274828
6.290000	13.098947	-52.374827
6.300000	13.110537	-52.474826
6.310000	13.122114	-52.574825
6.320000	13.133678	-52.674824
6.330000	13.145229	-52.774823
6.340000	13.156766	-52.874822
6.350000	13.168290	-52.974821
6.360000	13.179800	-53.074821
6.370000	13.191298	-53.174820
6.380000	13.202782	-53.274819
6.390000	13.214253	-53.374818
6.400000	13.225710	-53.474817
6.410000	13.237155	-53.574817
6.420000	13.248587	-53.674816
6.430000	13.260005	-53.774815
6.440000	13.271410	-53.874814
6.450000	13.282803	-53.974814
6.460000	13.294182	-54.074813
6.470000	13.305549	-54.174812
6.480000	13.316902	-54.274811
6.490000	13.328243	-54.374811
6.500000	13.339571	-54.474810
6.510000	13.350886	-54.574810
6.520000	13.362188	-54.674809
6.530000	13.373477	-54.774808
6.540000	13.384754	-54.874808
6.550000	13.396018	-54.974807
6.560000	13.407269	-55.074807
6.570000	13.418508	-55.174806
6.580000	13.429734	-55.274805
6.590000	13.440947	-55.374805
6.600000	13.452148	-55.474804
6.610000	13.463336	-55.574804
6.620000	13.474512	-55.674803
6.630000	13.485675	-55.774803
6.640000	13.496826	-55.874802
6.650000	13.507964	-55.974802
6.660000	13.519090	-56.074801
6.670000	13.530204	-56.174801
6.680000	13.541305	-56.274800
6.690000	13.552394	-56.374800
6.700000	13.563470	-56.474800
6.710000	13.574535	-56.574799
6.720000	13.585587	-56.674799
6.730000	13.596626	-56.774798
6.740000	13.607654	-56.874798
6.750000	13.618670	-56.974798
6.760000	13.629673	-57.074797
6.770000	13.640664	-57.174797
6.780000	13.651643	-57.274796
6.790000	13.662611	-57.374796
6.800000	13.673566	-57.474796
6.810000	13.684509	-57.574795
6.820000	13.695440	-57.674795
6.830000	13.706359	-57.774795
6.840000	13.717266	-57.874794
6.850000	13.728162	-57.974794
6.860000	13.739045	-58.074794
6.870000	13.749917	-58.174793
6.880000	13.760777	-58.274793
6.890000	13.771625	-58.374793
6.900000	13.782461	-58.474792
6.910000	13.793285	-58.574792
6.920000	13.804098	-58.674792
6.930000	13.814899	-58.774792
6.940000	13.825689	-58.874791
6.950000	13.836467	-58.974791
6.960000	13.847233	-59.074791
6.970000	13.857987	-59.174791
6.980000	13.868730	-59.274790
6.990000	13.879462	-59.374790
7.000000	13.890182	-59.474790
7.010000	13.900890	-59.574790
7.020000	13.911587	-59.674789
7.030000	13.922273	-59.774789
7.040000	13.932947	-59.874789
7.050000	13.943610	-59.974789
7.060000	13.954261	-60.074789
7.070000	13.964901	-60.174788
7.080000	13.975530	-60.274788
7.090000	13.986147	-60.374788
7.100000	13.996753	-60.474788
7.110000	14.007348	-60.574788
7.120000	14.017932	-60.674787
7.130000	14.028505	-60.774787
7.140000	14.039066	-60.874787
7.150000	14.049616	-60.974787
7.160000	14.060155	-61.074787
7.170000	14.070683	-61.174786
7.180000	14.081200	-61.274786
7.190000	14.091705	-61.374786
7.200000	14.102200	-61.474786
7.210000	14.112684	-61.574786
7.220000	14.123157	-61.674786
7.230000	14.133618	-61.774786
7.240000	14.144069	-61.874785
7.250000	14.154509	-61.974785
7.260000	14.164938	-62.074785
7.270000	14.175356	-62.174785
7.280000	14.185763	-62.274785
7.290000	14.196160	-62.374785
7.300000	14.206545	-62.474785
7.310000	14.216920	-62.574784
7.320000	14.227284	-62.674784
7.330000	14.237638	-62.774784
7.340000	14.247980	-62.874784
7.350000	14.258312	-62.974784
7.360000	14.268633	-63.074784
7.370000	14.278944	-63.174784
7.380000	14.289244	-63.274784
7.390000	14.299533	-63.374784
7.400000	14.309812	-63.474783
7.410000	14.320080	-63.574783
7.420000	14.330338	-63.674783
7.430000	14.340585	-63.774783
7.440000	14.350822	-63.874783
7.450000	14.361048	-63.974783
7.460000	14.371263	-64.074783
7.470000	14.381469	-64.174783
7.480000	14.391664	-64.274783
7.490000	14.401848	-64.374783
7.500000	14.412022	-64.474782
7.510000	14.422186	-64.574782
7.520000	14.432339	-64.674782
7.530000	14.442482	-64.774782
7.540000	14.452615	-64.874782
7.550000	14.462738	-64.974782
7.560000	14.472850	-65.074782
7.570000	14.482952	-65.174782
7.580000	14.493044	-65.274782
7.590000	14.503125	-65.374782
7.600000	14.513197	-65.474782
7.610000	14.523258	-65.574782
7.620000	14.533309	-65.674782
7.630000	14.543351	-65.774781
7.640000	14.553382	-65.874781
7.650000	14.563403	-65.974781
7.660000	14.573414	-66.074781
7.670000	14.583414	-66.174781
7.680000	14.593405	-66.274781
7.690000	14.603386	-66.374781
7.700000	14.613357	-66.474781
7.710000	14.623318	-66.574781
7.720000	14.633269	-66.674781
7.730000	14.643211	-66.774781
7.740000	14.653142	-66.874781
7.750000	14.663063	-66.974781
7.760000	14.672975	-67.074781
7.770000	14.682877	-67.174781
7.780000	14.692769	-67.274781
7.790000	14.702651	-67.374781
7.800000	14.712523	-67.474781
7.810000	14.722386	-67.574780
7.820000	14.732239	-67.674780
7.830000	14.742082	-67.774780
7.840000	14.751916	-67.874780
7.850000	14.761740	-67.974780
7.860000	14.771554	-68.074780
7.870000	14.781359	-68.174780
7.880000	14.791154	-68.274780
7.890000	14.800939	-68.374780
7.900000	14.810715	-68.474780
7.910000	14.820481	-68.574780
7.920000	14.830238	-68.674780
7.930000	14.839985	-68.774780
7.940000	14.849723	-68.874780
7.950000	14.859451	-68.974780
7.960000	14.869170	-69.074780
7.970000	14.878879	-69.174780
7.980000	14.888579	-69.274780
7.990000	14.898270	-69.374780
8.000000	14.907951	-69.474780
8.010000	14.917622	-69.574780
8.020000	14.927285	-69.674780
8.030000	14.936938	-69.774780
8.040000	14.946582	-69.874780
8.050000	14.956216	-69.974780
8.060000	14.965841	-70.074780
8.070000	14.975457	-70.174780
8.080000	14.985064	-70.274780
8.090000	14.994661	-70.374780
8.100000	15.004249	-70.474779
8.110000	15.013828	-70.574779
8.120000	15.023398	-70.674779
8.130000	15.032959	-70.774779
8.140000	15.042510	-70.874779
8.150000	15.052053	-70.974779
8.160000	15.061586	-71.074779
8.170000	15.071110	-71.174779
8.180000	15.080625	-71.274779
8.190000	15.090131	-71.374779
8.200000	15.099628	-71.474779
8.210000	15.109116	-71.574779
8.220000	15.118595	-71.674779
8.230000	15.128065	-71.774779
8.240000	15.137526	-71.874779
8.250000	15.146979	-71.974779
8.260000	15.156422	-72.074779
8.270000	15.165856	-72.174779
8.280000	15.175281	-72.274779
8.290000	15.184698	-72.374779
8.300000	15.194105	-72.474779
8.310000	15.203504	-72.574779
8.320000	15.212894	-72.674779
8.330000	15.222275	-72.774779
8.340000	15.231648	-72.874779
8.350000	15.241011	-72.974779
8.360000	15.250366	-73.074779
8.370000	15.259712	-73.174779
8.380000	15.269049	-73.274779
8.390000	15.278378	-73.374779
8.400000	15.287698	-73.474779
8.410000	15.297009	-73.574779
8.420000	15.306311	-73.674779
8.430000	15.315605	-73.774779
8.440000	15.324890	-73.874779
8.450000	15.334167	-73.974779
8.460000	15.343435	-74.074779
8.470000	15.352694	-74.174779
8.480000	15.361945	-74.274779
8.490000	15.371187	-74.374779
8.500000	15.380421	-74.474779
8.510000	15.389646	-74.574779
8.520000	15.398863	-74.674779
8.530000	15.408071	-74.774779
8.540000	15.417271	-74.874779
8.550000	15.426462	-74.974779
8.560000	15.435645	-75.074779
8.570000	15.444819	-75.174779
8.580000	15.453985	-75.274779
8.590000	15.463143	-75.374779
8.600000	15.472292	-75.474779
8.610000	15.481433	-75.574779
8.620000	15.490565	-75.674779
8.630000	15.499689	-75.774779
8.640000	15.508805	-75.874779
8.650000	15.517912	-75.974779
8.660000	15.527011	-76.074779
8.670000	15.536102	-76.174779
8.680000	15.545185	-76.274779
8.690000	15.554259	-76.374779
8.700000	15.563325	-76.474779
8.710000	15.572383	-76.574779
8.720000	15.581433	-76.674779
8.730000	15.590475	-76.774779
8.740000	15.599508	-76.874779
8.750000	15.608533	-76.974779
8.760000	15.617550	-77.074779
8.770000	15.626559	-77.174779
8.780000	15.635560	-77.274779
8.790000	15.644553	-77.374779
8.800000	15.653537	-77.474779
8.810000	15.662514	-77.574779
8.820000	15.671482	-77.674779
8.830000	15.680443	-77.774779
8.840000	15.689395	-77.874779
8.850000	15.698339	-77.974779
8.860000	15.707276	-78.074779
8.870000	15.716204	-78.174778
8.880000	15.725125	-78.274778
8.890000	15.734037	-78.374778
8.900000	15.742942	-78.474778
8.910000	15.751838	-78.574778
8.920000	15.760727	-78.674778
8.930000	15.769608	-78.774778
8.940000	15.778481	-78.874778
8.950000	15.787346	-78.974778
8.960000	15.796203	-79.074778
8.970000	15.805052	-79.174778
8.980000	15.813894	-79.274778
8.990000	15.822727	-79.374778
9.000000	15.831553	-79.474778
9.010000	15.840371	-79.574778
9.020000	15.849181	-79.674778
9.030000	15.857984	-79.774778
9.040000	15.866779	-79.874778
9.050000	15.875566	-79.974778
9.060000	15.884345	-80.074778
9.070000	15.893117	-80.174778
9.080000	15.901881	-80.274778
9.090000	15.910637	-80.374778
9.100000	15.919386	-80.474778
9.110000	15.928127	-80.574778
9.120000	15.936860	-80.674778
9.130000	15.945585	-80.774778
9.140000	15.954304	-80.874778
9.150000	15.963014	-80.974778
9.160000	15.971717	-81.074778
9.170000	15.980412	-81.174778
9.180000	15.989100	-81.274778
9.190000	15.997780	-81.374778
9.200000	16.006453	-81.474778
9.210000	16.015118	-81.574778
9.220000	16.023775	-81.674778
9.230000	16.032426	-81.774778
9.240000	16.041068	-81.874778
9.250000	16.049703	-81.974778
9.260000	16.058331	-82.074778
9.270000	16.066951	-82.174778
9.280000	16.075564	-82.274778
9.290000	16.084170	-82.374778
9.300000	16.092768	-82.474778
9.310000	16.101358	-82.574778
9.320000	16.109941	-82.674778
9.330000	16.118517	-82.774778
9.340000	16.127086	-82.874778
9.350000	16.135647	-82.974778
9.360000	16.144201	-83.074778
9.370000	16.152747	-83.174778
9.380000	16.161287	-83.274778
9.390000	16.169819	-83.374778
9.400000	16.178343	-83.474778
9.410000	16.186861	-83.574778
9.420000	16.195371	-83.674778
9.430000	16.203874	-83.774778
9.440000	16.212369	-83.874778
9.450000	16.220858	-83.974778
9.460000	16.229339	-84.074778
9.470000	16.237813	-84.174778
9.480000	16.246280	-84.274778
9.490000	16.254740	-84.374778
9.500000	16.263192	-84.474778
9.510000	16.271638	-84.574778
9.520000	16.280076	-84.674778
9.530000	16.288507	-84.774778
9.540000	16.296931	-84.874778
9.550000	16.305348	-84.974778
9.560000	16.313758	-85.074778
9.570000	16.322161	-85.174778
9.580000	16.330556	-85.274778
9.590000	16.338945	-85.374778
9.600000	16.347327	-85.474778
9.610000	16.355701	-85.574778
9.620000	16.364069	-85.674778
9.630000	16.372429	-85.774778
9.640000	16.380783	-85.874778
9.650000	16.389130	-85.974778
9.660000	16.397469	-86.074778
9.670000	16.405802	-86.174778
9.680000	16.414128	-86.274778
9.690000	16.422447	-86.374778
9.700000	16.430759	-86.474778
9.710000	16.439064	-86.574778
9.720000	16.447362	-86.674778
9.730000	16.455653	-86.774778
9.740000	16.463937	-86.874778
9.750000	16.472215	-86.974778
9.760000	16.480485	-87.074778
9.770000	16.488749	-87.174778
9.780000	16.497006	-87.274778
9.790000	16.505256	-87.374778
9.800000	16.513500	-87.474778
9.810000	16.521736	-87.574778
9.820000	16.529966	-87.674778
9.830000	16.538189	-87.774778
9.840000	16.546405	-87.874778
9.850000	16.554614	-87.974778
9.860000	16.562817	-88.074778
9.870000	16.571013	-88.174778
9.880000	16.579203	-88.274778
9.890000	16.587385	-88.374778
9.900000	16.595561	-88.474778
9.910000	16.603730	-88.574778
9.920000	16.611893	-88.674778
9.930000	16.620049	-88.774778
9.940000	16.628198	-88.874778
9.950000	16.636340	-88.974778
9.960000	16.644476	-89.074778
9.970000	16.652606	-89.174778
9.980000	16.660728	-89.274778
9.990000	16.668844	-89.374778
10.000000	16.676954	-89.474778
10.010000	16.685057	-89.574778
10.020000	16.693153	-89.674778
10.030000	16.701243	-89.774778
10.040000	16.709326	-89.874778
10.050000	16.717403	-89.974778
10.060000	16.725473	-90.074778
10.070000	16.733537	-90.174778
10.080000	16.741594	-90.274778
10.090000	16.749645	-90.374778
10.100000	16.757689	-90.474778
10.110000	16.765727	-90.574778
10.120000	16.773758	-90.674778
10.130000	16.781783	-90.774778
10.140000	16.789802	-90.874778
10.150000	16.797814	-90.974778
10.160000	16.805819	-91.074778
10.170000	16.813818	-91.174778
10.180000	16.821811	-91.274778
10.190000	16.829797	-91.374778
10.200000	16.837777	-91.474778
10.210000	16.845751	-91.574778
10.220000	16.853718	-91.674778
10.230000	16.861679	-91.774778
10.240000	16.869634	-91.874778
10.250000	16.877582	-91.974778
10.260000	16.885524	-92.074778
10.270000	16.893460	-92.174778
10.280000	16.901389	-92.274778
10.290000	16.909312	-92.374778
10.300000	16.917229	-92.474778
10.310000	16.925139	-92.574778
10.320000	16.933044	-92.674778
10.330000	16.940942	-92.774778
10.340000	16.948833	-92.874778
10.350000	16.956719	-92.974778
10.360000	16.964598	-93.074778
10.370000	16.972471	-93.174778
10.380000	16.980338	-93.274778
10.390000	16.988199	-93.374778
10.400000	16.996053	-93.474778
10.410000	17.003902	-93.574778
10.420000	17.011744	-93.674778
10.430000	17.019580	-93.774778
10.440000	17.027410	-93.874778
10.450000	17.035234	-93.974778
10.460000	17.043051	-94.074778
10.470000	17.050863	-94.174778
10.480000	17.058668	-94.274778
10.490000	17.066468	-94.374778
10.500000	17.074261	-94.474778
10.510000	17.082048	-94.574778
10.520000	17.089829	-94.674778
10.530000	17.097604	-94.774778
10.540000	17.105374	-94.874778
10.550000	17.113137	-94.974778
10.560000	17.120894	-95.074778
10.570000	17.128644	-95.174778
10.580000	17.136389	-95.274778
10.590000	17.144128	-95.374778
10.600000	17.151861	-95.474778
10.610000	17.159588	-95.574778
10.620000	17.167309	-95.674778
10.630000	17.175024	-95.774778
10.640000	17.182733	-95.874778
10.650000	17.190437	-95.974778
10.660000	17.198134	-96.074778
10.670000	17.205825	-96.174778
10.680000	17.213511	-96.274778
10.690000	17.221190	-96.374778
10.700000	17.228864	-96.474778
10.710000	17.236531	-96.574778
10.720000	17.244193	-96.674778
10.730000	17.251849	-96.774778
10.740000	17.259499	-96.874778
10.750000	17.267143	-96.974778
10.760000	17.274782	-97.074778
10.770000	17.282414	-97.174778
10.780000	17.290041	-97.274778
10.790000	17.297662	-97.374778
10.800000	17.305277	-97.474778
10.810000	17.312886	-97.574778
10.820000	17.320490	-97.674778
10.830000	17.328088	-97.774778
10.840000	17.335680	-97.874778
10.850000	17.343266	-97.974778
10.860000	17.350846	-98.074778
10.870000	17.358421	-98.174778
10.880000	17.365990	-98.274778
10.890000	17.373553	-98.374778
10.900000	17.381111	-98.474778
10.910000	17.388662	-98.574778
10.920000	17.396208	-98.674778
10.930000	17.403749	-98.774778
10.940000	17.411284	-98.874778
10.950000	17.418813	-98.974778
10.960000	17.426336	-99.074778
10.970000	17.433854	-99.174778
10.980000	17.441366	-99.274778
10.990000	17.448872	-99.374778
11.000000	17.456373	-99.474778
11.010000	17.463868	-99.574778
11.020000	17.471358	-99.674778
11.030000	17.478841	-99.774778
11.040000	17.486320	-99.874778
11.050000	17.493792	-99.974778
11.060000	17.501260	-100.074778
11.070000	17.508721	-100.174778
11.080000	17.516177	-100.274778
11.090000	17.523628	-100.374778
11.100000	17.531073	-100.474778
11.110000	17.538512	-100.574778
11.120000	17.545946	-100.674778
11.130000	17.553374	-100.774778
11.140000	17.560797	-100.874778
11.150000	17.568214	-100.974778
11.160000	17.575626	-101.074778
11.170000	17.583032	-101.174778
11.180000	17.590433	-101.274778
11.190000	17.597828	-101.374778
11.200000	17.605218	-101.474778
11.210000	17.612602	-101.574778
11.220000	17.619981	-101.674778
11.230000	17.627355	-101.774778
11.240000	17.634723	-101.874778
11.250000	17.642085	-101.974778
11.260000	17.649443	-102.074778
11.270000	17.656794	-102.174778
11.280000	17.664141	-102.274778
11.290000	17.671482	-102.374778
11.300000	17.678817	-102.474778
11.310000	17.686147	-102.574778
11.320000	17.693472	-102.674778
11.330000	17.700792	-102.774778
11.340000	17.708106	-102.874778
11.350000	17.715415	-102.974778
11.360000	17.722718	-103.074778
11.370000	17.730016	-103.174778
11.380000	17.737309	-103.274778
11.390000	17.744596	-103.374778
11.400000	17.751878	-103.474778
11.410000	17.759155	-103.574778
11.420000	17.766427	-103.674778
11.430000	17.773693	-103.774778
11.440000	17.780954	-103.874778
11.450000	17.788210	-103.974778
11.460000	17.795460	-104.074778
11.470000	17.802705	-104.174778
11.480000	17.809945	-104.274778
11.490000	17.817180	-104.374778
11.500000	17.824409	-104.474778
11.510000	17.831634	-104.574778
11.520000	17.838853	-104.674778
11.530000	17.846066	-104.774778
11.540000	17.853275	-104.874778
11.550000	17.860478	-104.974778
11.560000	17.867676	-105.074778
11.570000	17.874869	-105.174778
11.580000	17.882057	-105.274778
11.590000	17.889240	-105.374778
11.600000	17.896418	-105.474778
11.610000	17.903590	-105.574778
11.620000	17.910757	-105.674778
11.630000	17.917919	-105.774778
11.640000	17.925076	-105.874778
11.650000	17.932228	-105.974778
11.660000	17.939375	-106.074778
11.670000	17.946516	-106.174778
11.680000	17.953653	-106.274778
11.690000	17.960784	-106.374778
11.700000	17.967911	-106.474778
11.710000	17.975032	-106.574778
11.720000	17.982148	-106.674778
11.730000	17.989259	-106.774778
11.740000	17.996365	-106.874778
11.750000	18.003466	-106.974778
11.760000	18.010562	-107.074778
11.770000	18.017653	-107.174778
11.780000	18.024739	-107.274778
11.790000	18.031820	-107.374778
11.800000	18.038896	-107.474778
11.810000	18.045967	-107.574778
11.820000	18.053032	-107.674778
11.830000	18.060093	-107.774778
11.840000	18.067149	-107.874778
11.850000	18.074200	-107.974778
11.860000	18.081246	-108.074778
11.870000	18.088287	-108.174778
11.880000	18.095323	-108.274778
11.890000	18.102354	-108.374778
11.900000	18.109380	-108.474778
11.910000	18.116401	-108.574778
11.920000	18.123418	-108.674778
11.930000	18.130429	-108.774778
11.940000	18.137435	-108.874778
11.950000	18.144437	-108.974778
11.960000	18.151433	-109.074778
11.970000	18.158425	-109.174778
11.980000	18.165412	-109.274778
11.990000	18.172394	-109.374778
12.000000	18.179371	-109.474778
12.010000	18.186343	-109.574778
12.020000	18.193311	-109.674778
12.030000	18.200273	-109.774778
12.040000	18.207231	-109.874778
12.050000	18.214183	-109.974778
12.060000	18.221131	-110.074778
12.070000	18.228075	-110.174778
12.080000	18.235013	-110.274778
12.090000	18.241946	-110.374778
12.100000	18.248875	-110.474778
12.110000	18.255799	-110.574778
12.120000	18.262718	-110.674778
12.130000	18.269632	-110.774778
12.140000	18.276542	-110.874778
12.150000	18.283447	-110.974778
12.160000	18.290347	-111.074778
12.170000	18.297242	-111.174778
12.180000	18.304132	-111.274778
12.190000	18.311018	-111.374778
12.200000	18.317899	-111.474778
12.210000	18.324775	-111.574778
12.220000	18.331647	-111.674778
12.230000	18.338513	-111.774778
12.240000	18.345376	-111.874778
12.250000	18.352233	-111.974778
12.260000	18.359086	-112.074778
12.270000	18.365934	-112.174778
12.280000	18.372777	-112.274778
12.290000	18.379615	-112.374778
12.300000	18.386449	-112.474778
12.310000	18.393279	-112.574778
12.320000	18.400103	-112.674778
12.330000	18.406923	-112.774778
12.340000	18.413738	-112.874778
12.350000	18.420549	-112.974778
12.360000	18.427355	-113.074778
12.370000	18.434156	-113.174778
12.380000	18.440953	-113.274778
12.390000	18.447745	-113.374778
12.400000	18.454533	-113.474778
12.410000	18.461316	-113.574778
12.420000	18.468094	-113.674778
12.430000	18.474868	-113.774778
12.440000	18.481637	-113.874778
12.450000	18.488401	-113.974778
12.460000	18.495161	-114.074778
12.470000	18.501917	-114.174778
12.480000	18.508667	-114.274778
12.490000	18.515414	-114.374778
12.500000	18.522155	-114.474778
12.510000	18.528893	-114.574778
12.520000	18.535625	-114.674778
12.530000	18.542353	-114.774778
12.540000	18.549077	-114.874778
12.550000	18.555796	-114.974778
12.560000	18.562510	-115.074778
12.570000	18.569221	-115.174778
12.580000	18.575926	-115.274778
12.590000	18.582627	-115.374778
12.600000	18.589324	-115.474778
12.610000	18.596016	-115.574778
12.620000	18.602703	-115.674778
12.630000	18.609386	-115.774778
12.640000	18.616065	-115.874778
12.650000	18.622739	-115.974778
12.660000	18.629409	-116.074778
12.670000	18.636074	-116.174778
12.680000	18.642735	-116.274778
12.690000	18.649391	-116.374778
12.700000	18.656043	-116.474778
12.710000	18.662691	-116.574778
12.720000	18.669334	-116.674778
12.730000	18.675973	-116.774778
12.740000	18.682607	-116.874778
12.750000	18.689237	-116.974778
12.760000	18.695862	-117.074778
12.770000	18.702484	-117.174778
12.780000	18.709100	-117.274778
12.790000	18.715713	-117.374778
12.800000	18.722321	-117.474778
12.810000	18.728924	-117.574778
12.820000	18.735523	-117.674778
12.830000	18.742118	-117.774778
12.840000	18.748709	-117.874778
12.850000	18.755295	-117.974778
12.860000	18.761877	-118.074778
12.870000	18.768454	-118.174778
12.880000	18.775028	-118.274778
12.890000	18.781597	-118.374778
12.900000	18.788161	-118.474778
12.910000	18.794721	-118.574778
12.920000	18.801277	-118.674778
12.930000	18.807829	-118.774778
12.940000	18.814376	-118.874778
12.950000	18.820919	-118.974778
12.960000	18.827458	-119.074778
12.970000	18.833993	-119.174778
12.980000	18.840523	-119.274778
12.990000	18.847049	-119.374778
13.000000	18.853571	-119.474778
13.010000	18.860088	-119.574778
13.020000	18.866601	-119.674778
13.030000	18.873110	-119.774778
13.040000	18.879615	-119.874778
13.050000	18.886116	-119.974778
13.060000	18.892612	-120.074778
13.070000	18.899104	-120.174778
13.080000	18.905592	-120.274778
13.090000	18.912076	-120.374778
13.100000	18.918555	-120.474778
13.110000	18.925030	-120.574778
13.120000	18.931501	-120.674778
13.130000	18.937968	-120.774778
13.140000	18.944431	-120.874778
13.150000	18.950889	-120.974778
13.160000	18.957344	-121.074778
13.170000	18.963794	-121.174778
13.180000	18.970240	-121.274778
13.190000	18.976682	-121.374778
13.200000	18.983119	-121.474778
13.210000	18.989553	-121.574778
13.220000	18.995982	-121.674778
13.230000	19.002408	-121.774778
13.240000	19.008829	-121.874778
13.250000	19.015246	-121.974778
13.260000	19.021659	-122.074778
13.270000	19.028068	-122.174778
13.280000	19.034472	-122.274778
13.290000	19.040873	-122.374778
13.300000	19.047269	-122.474778
13.310000	19.053662	-122.574778
13.320000	19.060050	-122.674778
13.330000	19.066434	-122.774778
13.340000	19.072815	-122.874778
13.350000	19.079191	-122.974778
13.360000	19.085563	-123.074778
13.370000	19.091931	-123.174778
13.380000	19.098295	-123.274778
13.390000	19.104654	-123.374778
13.400000	19.111010	-123.474778
13.410000	19.117362	-123.574778
13.420000	19.123710	-123.674778
13.430000	19.130054	-123.774778
13.440000	19.136393	-123.874778
13.450000	19.142729	-123.974778
13.460000	19.149061	-124.074778
13.470000	19.155388	-124.174778
13.480000	19.161712	-124.274778
13.490000	19.168031	-124.374778
13.500000	19.174347	-124.474778
13.510000	19.180659	-124.574778
13.520000	19.186966	-124.674778
13.530000	19.193270	-124.774778
13.540000	19.199570	-124.874778
13.550000	19.205866	-124.974778
13.560000	19.212157	-125.074778
13.570000	19.218445	-125.174778
13.580000	19.224729	-125.274778
13.590000	19.231009	-125.374778
13.600000	19.237285	-125.474778
13.610000	19.243557	-125.574778
13.620000	19.249825	-125.674778
13.630000	19.256089	-125.774778
13.640000	19.262350	-125.874778
13.650000	19.268606	-125.974778
13.660000	19.274859	-126.074778
13.670000	19.281107	-126.174778
13.680000	19.287352	-126.274778
13.690000	19.293592	-126.374778
13.700000	19.299829	-126.474778
13.710000	19.306062	-126.574778
13.720000	19.312291	-126.674778
13.730000	19.318516	-126.774778
13.740000	19.324738	-126.874778
13.750000	19.330955	-126.974778
13.760000	19.337169	-127.074778
13.770000	19.343378	-127.174778
13.780000	19.349584	-127.274778
13.790000	19.355786	-127.374778
13.800000	19.361984	-127.474778
13.810000	19.368179	-127.574778
13.820000	19.374369	-127.674778
13.830000	19.380556	-127.774778
13.840000	19.386739	-127.874778
13.850000	19.392917	-127.974778
13.860000	19.399093	-128.074778
13.870000	19.405264	-128.174778
13.880000	19.411432	-128.274778
13.890000	19.417595	-128.374778
13.900000	19.423755	-128.474778
13.910000	19.429911	-128.574778
13.920000	19.436064	-128.674778
13.930000	19.442212	-128.774778
13.940000	19.448357	-128.874778
13.950000	19.454498	-128.974778
13.960000	19.460635	-129.074778
13.970000	19.466769	-129.174778
13.980000	19.472899	-129.274778
13.990000	19.479024	-129.374778
14.000000	19.485147	-129.474778
14.010000	19.491265	-129.574778
14.020000	19.497380	-129.674778
14.030000	19.503491	-129.774778
14.040000	19.509598	-129.874778
14.050000	19.515702	-129.974778
14.060000	19.521801	-130.074778
14.070000	19.527897	-130.174778
14.080000	19.533990	-130.274778
14.090000	19.540078	-130.374778
14.100000	19.546163	-130.474778
14.110000	19.552245	-130.574778
14.120000	19.558322	-130.674778
14.130000	19.564396	-130.774778
14.140000	19.570466	-130.874778
14.150000	19.576533	-130.974778
14.160000	19.582595	-131.074778
14.170000	19.588654	-131.174778
14.180000	19.594710	-131.274778
14.190000	19.600762	-131.374778
14.200000	19.606810	-131.474778
14.210000	19.612854	-131.574778
14.220000	19.618895	-131.674778
14.230000	19.624932	-131.774778
14.240000	19.630966	-131.874778
14.250000	19.636995	-131.974778
14.260000	19.643022	-132.074778
14.270000	19.649044	-132.174778
14.280000	19.655063	-132.274778
14.290000	19.661079	-132.374778
14.300000	19.667090	-132.474778
14.310000	19.673098	-132.574778
14.320000	19.679103	-132.674778
14.330000	19.685104	-132.774778
14.340000	19.691101	-132.874778
14.350000	19.697095	-132.974778
14.360000	19.703085	-133.074778
14.370000	19.709071	-133.174778
14.380000	19.715054	-133.274778
14.390000	19.721034	-133.374778
14.400000	19.727009	-133.474778
14.410000	19.732982	-133.574778
14.420000	19.738950	-133.674778
14.430000	19.744915	-133.774778
14.440000	19.750877	-133.874778
14.450000	19.756835	-133.974778
14.460000	19.762789	-134.074778
14.470000	19.768740	-134.174778
14.480000	19.774687	-134.274778
14.490000	19.780631	-134.374778
14.500000	19.786572	-134.474778
14.510000	19.792508	-134.574778
14.520000	19.798441	-134.674778
14.530000	19.804371	-134.774778
14.540000	19.810297	-134.874778
14.550000	19.816220	-134.974778
14.560000	19.822139	-135.074778
14.570000	19.828055	-135.174778
14.580000	19.833967	-135.274778
14.590000	19.839876	-135.374778
14.600000	19.845781	-135.474778
14.610000	19.851682	-135.574778
14.620000	19.857581	-135.674778
14.630000	19.863475	-135.774778
14.640000	19.869366	-135.874778
14.650000	19.875254	-135.974778
14.660000	19.881139	-136.074778
14.670000	19.887019	-136.174778
14.680000	19.892897	-136.274778
14.690000	19.898771	-136.374778
14.700000	19.904641	-136.474778
14.710000	19.910508	-136.574778
14.720000	19.916372	-136.674778
14.730000	19.922232	-136.774778
14.740000	19.928089	-136.874778
14.750000	19.933942	-136.974778
14.760000	19.939792	-137.074778
14.770000	19.945638	-137.174778
14.780000	19.951481	-137.274778
14.790000	19.957321	-137.374778
14.800000	19.963157	-137.474778
14.810000	19.968990	-137.574778
14.820000	19.974819	-137.674778
14.830000	19.980645	-137.774778
14.840000	19.986468	-137.874778
14.850000	19.992287	-137.974778
14.860000	19.998103	-138.074778
14.870000	20.003915	-138.174778
14.880000	20.009724	-138.274778
14.890000	20.015530	-138.374778
14.900000	20.021332	-138.474778
14.910000	20.027131	-138.574778
14.920000	20.032927	-138.674778
14.930000	20.038719	-138.774778
14.940000	20.044508	-138.874778
14.950000	20.050293	-138.974778
14.960000	20.056075	-139.074778
14.970000	20.061854	-139.174778
14.980000	20.067630	-139.274778
14.990000	20.073402	-139.374778
15.000000	20.079171	-139.474778
15.010000	20.084936	-139.574778
15.020000	20.090698	-139.674778
15.030000	20.096457	-139.774778
15.040000	20.102213	-139.874778
15.050000	20.107965	-139.974778
15.060000	20.113714	-140.074778
15.070000	20.119460	-140.174778
15.080000	20.125202	-140.274778
15.090000	20.130941	-140.374778
15.100000	20.136677	-140.474778
15.110000	20.142409	-140.574778
15.120000	20.148138	-140.674778
15.130000	20.153864	-140.774778
15.140000	20.159586	-140.874778
15.150000	20.165306	-140.974778
15.160000	20.171022	-141.074778
15.170000	20.176735	-141.174778
15.180000	20.182444	-141.274778
15.190000	20.188150	-141.374778
15.200000	20.193853	-141.474778
15.210000	20.199553	-141.574778
15.220000	20.205249	-141.674778
15.230000	20.210943	-141.774778
15.240000	20.216633	-141.874778
15.250000	20.222319	-141.974778
15.260000	20.228003	-142.074778
15.270000	20.233683	-142.174778
15.280000	20.239360	-142.274778
15.290000	20.245034	-142.374778
15.300000	20.250705	-142.474778
15.310000	20.256372	-142.574778
15.320000	20.262036	-142.674778
15.330000	20.267697	-142.774778
15.340000	20.273355	-142.874778
15.350000	20.279010	-142.974778
15.360000	20.284661	-143.074778
15.370000	20.290309	-143.174778
15.380000	20.295954	-143.274778
15.390000	20.301596	-143.374778
15.400000	20.307235	-143.474778
15.410000	20.312870	-143.574778
15.420000	20.318502	-143.674778
15.430000	20.324132	-143.774778
15.440000	20.329757	-143.874778
15.450000	20.335380	-143.974778
15.460000	20.341000	-144.074778
15.470000	20.346616	-144.174778
15.480000	20.352230	-144.274778
15.490000	20.357840	-144.374778
15.500000	20.363447	-144.474778
15.510000	20.369051	-144.574778
15.520000	20.374651	-144.674778
15.530000	20.380249	-144.774778
15.540000	20.385843	-144.874778
15.550000	20.391435	-144.974778
15.560000	20.397023	-145.074778
15.570000	20.402608	-145.174778
15.580000	20.408190	-145.274778
15.590000	20.413769	-145.374778
15.600000	20.419344	-145.474778
15.610000	20.424917	-145.574778
15.620000	20.430486	-145.674778
15.630000	20.436053	-145.774778
15.640000	20.441616	-145.874778
15.650000	20.447176	-145.974778
15.660000	20.452733	-146.074778
15.670000	20.458288	-146.174778
15.680000	20.463838	-146.274778
15.690000	20.469386	-146.374778
15.700000	20.474931	-146.474778
15.710000	20.480473	-146.574778
15.720000	20.486011	-146.674778
15.730000	20.491547	-146.774778
15.740000	20.497080	-146.874778
15.750000	20.502609	-146.974778
15.760000	20.508135	-147.074778
15.770000	20.513659	-147.174778
15.780000	20.519179	-147.274778
15.790000	20.524696	-147.374778
15.800000	20.530210	-147.474778
15.810000	20.535722	-147.574778
15.820000	20.541230	-147.674778
15.830000	20.546735	-147.774778
15.840000	20.552237	-147.874778
15.850000	20.557736	-147.974778
15.860000	20.563232	-148.074778
15.870000	20.568725	-148.174778
15.880000	20.574215	-148.274778
15.890000	20.579702	-148.374778
15.900000	20.585186	-148.474778
15.910000	20.590666	-148.574778
15.920000	20.596144	-148.674778
15.930000	20.601619	-148.774778
15.940000	20.607091	-148.874778
15.950000	20.612560	-148.974778
15.960000	20.618026	-149.074778
15.970000	20.623489	-149.174778
15.980000	20.628949	-149.274778
15.990000	20.634406	-149.374778
16.000000	20.639860	-149.474778
16.010000	20.645311	-149.574778
16.020000	20.650759	-149.674778
16.030000	20.656204	-149.774778
16.040000	20.661646	-149.874778
16.050000	20.667086	-149.974778
16.060000	20.672522	-150.074778
16.070000	20.677955	-150.174778
16.080000	20.683385	-150.274778
16.090000	20.688813	-150.374778
16.100000	20.694237	-150.474778
16.110000	20.699659	-150.574778
16.120000	20.705077	-150.674778
16.130000	20.710493	-150.774778
16.140000	20.715905	-150.874778
16.150000	20.721315	-150.974778
16.160000	20.726722	-151.074778
16.170000	20.732126	-151.174778
16.180000	20.737527	-151.274778
16.190000	20.742925	-151.374778
16.200000	20.748320	-151.474778
16.210000	20.753712	-151.574778
16.220000	20.759101	-151.674778
16.230000	20.764488	-151.774778
16.240000	20.769871	-151.874778
16.250000	20.775252	-151.974778
16.260000	20.780630	-152.074778
16.270000	20.786004	-152.174778
16.280000	20.791376	-152.274778
16.290000	20.796745	-152.374778
16.300000	20.802111	-152.474778
16.310000	20.807475	-152.574778
16.320000	20.812835	-152.674778
16.330000	20.818193	-152.774778
16.340000	20.823547	-152.874778
16.350000	20.828899	-152.974778
16.360000	20.834248	-153.074778
16.370000	20.839594	-153.174778
16.380000	20.844937	-153.274778
16.390000	20.850278	-153.374778
16.400000	20.855615	-153.474778
16.410000	20.860950	-153.574778
16.420000	20.866282	-153.674778
16.430000	20.871611	-153.774778
16.440000	20.876937	-153.874778
16.450000	20.882260	-153.974778
16.460000	20.887580	-154.074778
16.470000	20.892898	-154.174778
16.480000	20.898213	-154.274778
16.490000	20.903525	-154.374778
16.500000	20.908834	-154.474778
16.510000	20.914140	-154.574778
16.520000	20.919444	-154.674778
16.530000	20.924745	-154.774778
16.540000	20.930042	-154.874778
16.550000	20.935338	-154.974778
16.560000	20.940630	-155.074778
16.570000	20.945919	-155.174778
16.580000	20.951206	-155.274778
16.590000	20.956490	-155.374778
16.600000	20.961771	-155.474778
16.610000	20.967049	-155.574778
16.620000	20.972325	-155.674778
16.630000	20.977598	-155.774778
16.640000	20.982867	-155.874778
16.650000	20.988135	-155.974778
16.660000	20.993399	-156.074778
16.670000	20.998661	-156.174778
16.680000	21.003920	-156.274778
16.690000	21.009176	-156.374778
16.700000	21.014429	-156.474778
16.710000	21.019680	-156.574778
16.720000	21.024927	-156.674778
16.730000	21.030172	-156.774778
16.740000	21.035415	-156.874778
16.750000	21.040654	-156.974778
16.760000	21.045891	-157.074778
16.770000	21.051125	-157.174778
16.780000	21.056357	-157.274778
16.790000	21.061585	-157.374778
16.800000	21.066811	-157.474778
16.810000	21.072034	-157.574778
16.820000	21.077255	-157.674778
16.830000	21.082472	-157.774778
16.840000	21.087687	-157.874778
16.850000	21.092900	-157.974778
16.860000	21.098109	-158.074778
16.870000	21.103316	-158.174778
16.880000	21.108520	-158.274778
16.890000	21.113721	-158.374778
16.900000	21.118920	-158.474778
16.910000	21.124116	-158.574778
16.920000	21.129309	-158.674778
16.930000	21.134500	-158.774778
16.940000	21.139688	-158.874778
16.950000	21.144873	-158.974778
16.960000	21.150056	-159.074778
16.970000	21.155235	-159.174778
16.980000	21.160412	-159.274778
16.990000	21.165587	-159.374778
17.000000	21.170759	-159.474778
17.010000	21.175928	-159.574778
17.020000	21.181094	-159.674778
17.030000	21.186258	-159.774778
17.040000	21.191419	-159.874778
17.050000	21.196578	-159.974778
17.060000	21.201733	-160.074778
17.070000	21.206887	-160.174778
17.080000	21.212037	-160.274778
17.090000	21.217185	-160.374778
17.100000	21.222330	-160.474778
17.110000	21.227472	-160.574778
17.120000	21.232612	-160.674778
17.130000	21.237750	-160.774778
17.140000	21.242884	-160.874778
17.150000	21.248016	-160.974778
17.160000	21.253145	-161.074778
17.170000	21.258272	-161.174778
17.180000	21.263396	-161.274778
17.190000	21.268518	-161.374778
17.200000	21.273636	-161.474778
17.210000	21.278753	-161.574778
17.220000	21.283866	-161.674778
17.230000	21.288977	-161.774778
17.240000	21.294086	-161.874778
17.250000	21.299191	-161.974778
17.260000	21.304294	-162.074778
17.270000	21.309395	-162.174778
17.280000	21.314493	-162.274778
17.290000	21.319588	-162.374778
17.300000	21.324681	-162.474778
17.310000	21.329771	-162.574778
17.320000	21.334859	-162.674778
17.330000	21.339944	-162.774778
17.340000	21.345026	-162.874778
17.350000	21.350106	-162.974778
17.360000	21.355183	-163.074778
17.370000	21.360258	-163.174778
17.380000	21.365330	-163.274778
17.390000	21.370399	-163.374778
17.400000	21.375466	-163.474778
17.410000	21.380530	-163.574778
17.420000	21.385592	-163.674778
17.430000	21.390651	-163.774778
17.440000	21.395708	-163.874778
17.450000	21.400762	-163.974778
17.460000	21.405814	-164.074778
17.470000	21.410863	-164.174778
17.480000	21.415909	-164.274778
17.490000	21.420953	-164.374778
17.500000	21.425994	-164.474778
17.510000	21.431033	-164.574778
17.520000	21.436069	-164.674778
17.530000	21.441103	-164.774778
17.540000	21.446134	-164.874778
17.550000	21.451163	-164.974778
17.560000	21.456189	-165.074778
17.570000	21.461213	-165.174778
17.580000	21.466234	-165.274778
17.590000	21.471253	-165.374778
17.600000	21.476269	-165.474778
17.610000	21.481282	-165.574778
17.620000	21.486293	-165.674778
17.630000	21.491302	-165.774778
17.640000	21.496308	-165.874778
17.650000	21.501311	-165.974778
17.660000	21.506312	-166.074778
17.670000	21.511311	-166.174778
17.680000	21.516307	-166.274778
17.690000	21.521300	-166.374778
17.700000	21.526291	-166.474778
17.710000	21.531280	-166.574778
17.720000	21.536266	-166.674778
17.730000	21.541249	-166.774778
17.740000	21.546230	-166.874778
17.750000	21.551209	-166.974778
17.760000	21.556185	-167.074778
17.770000	21.561159	-167.174778
17.780000	21.566130	-167.274778
17.790000	21.571098	-167.374778
17.800000	21.576065	-167.474778
17.810000	21.581028	-167.574778
17.820000	21.585990	-167.674778
17.830000	21.590949	-167.774778
17.840000	21.595905	-167.874778
17.850000	21.600859	-167.974778
17.860000	21.605810	-168.074778
17.870000	21.610759	-168.174778
17.880000	21.615706	-168.274778
17.890000	21.620650	-168.374778
17.900000	21.625592	-168.474778
17.910000	21.630531	-168.574778
17.920000	21.635468	-168.674778
17.930000	21.640402	-168.774778
17.940000	21.645334	-168.874778
17.950000	21.650263	-168.974778
17.960000	21.655190	-169.074778
17.970000	21.660115	-169.174778
17.980000	21.665037	-169.274778
17.990000	21.669957	-169.374778
18.000000	21.674874	-169.474778
18.010000	21.679789	-169.574778
18.020000	21.684702	-169.674778
18.030000	21.689612	-169.774778
18.040000	21.694519	-169.874778
18.050000	21.699425	-169.974778
18.060000	21.704328	-170.074778
18.070000	21.709228	-170.174778
18.080000	21.714126	-170.274778
18.090000	21.719022	-170.374778
18.100000	21.723915	-170.474778
18.110000	21.728806	-170.574778
18.120000	21.733694	-170.674778
18.130000	21.738580	-170.774778
18.140000	21.743464	-170.874778
18.150000	21.748346	-170.974778
18.160000	21.753224	-171.074778
18.170000	21.758101	-171.174778
18.180000	21.762975	-171.274778
18.190000	21.767847	-171.374778
18.200000	21.772716	-171.474778
18.210000	21.777584	-171.574778
18.220000	21.782448	-171.674778
18.230000	21.787311	-171.774778
18.240000	21.792170	-171.874778
18.250000	21.797028	-171.974778
18.260000	21.801883	-172.074778
18.270000	21.806736	-172.174778
18.280000	21.811587	-172.274778
18.290000	21.816435	-172.374778
18.300000	21.821281	-172.474778
18.310000	21.826124	-172.574778
18.320000	21.830965	-172.674778
18.330000	21.835804	-172.774778
18.340000	21.840641	-172.874778
18.350000	21.845475	-172.974778
18.360000	21.850306	-173.074778
18.370000	21.855136	-173.174778
18.380000	21.859963	-173.274778
18.390000	21.864788	-173.374778
18.400000	21.869610	-173.474778
18.410000	21.874430	-173.574778
18.420000	21.879248	-173.674778
18.430000	21.884064	-173.774778
18.440000	21.888877	-173.874778
18.450000	21.893688	-173.974778
18.460000	21.898496	-174.074778
18.470000	21.903302	-174.174778
18.480000	21.908106	-174.274778
18.490000	21.912908	-174.374778
18.500000	21.917707	-174.474778
18.510000	21.922504	-174.574778
18.520000	21.927299	-174.674778
18.530000	21.932091	-174.774778
18.540000	21.936881	-174.874778
18.550000	21.941669	-174.974778
18.560000	21.946455	-175.074778
18.570000	21.951238	-175.174778
18.580000	21.956019	-175.274778
18.590000	21.960797	-175.374778
18.600000	21.965574	-175.474778
18.610000	21.970348	-175.574778
18.620000	21.975120	-175.674778
18.630000	21.979889	-175.774778
18.640000	21.984656	-175.874778
18.650000	21.989421	-175.974778
18.660000	21.994184	-176.074778
18.670000	21.998944	-176.174778
18.680000	22.003703	-176.274778
18.690000	22.008458	-176.374778
18.700000	22.013212	-176.474778
18.710000	22.017963	-176.574778
18.720000	22.022713	-176.674778
18.730000	22.027459	-176.774778
18.740000	22.032204	-176.874778
18.750000	22.036946	-176.974778
18.760000	22.041687	-177.074778
18.770000	22.046424	-177.174778
18.780000	22.051160	-177.274778
18.790000	22.055893	-177.374778
18.800000	22.060625	-177.474778
18.810000	22.065353	-177.574778
18.820000	22.070080	-177.674778
18.830000	22.074805	-177.774778
18.840000	22.079527	-177.874778
18.850000	22.084247	-177.974778
18.860000	22.088964	-178.074778
18.870000	22.093680	-178.174778
18.880000	22.098393	-178.274778
18.890000	22.103104	-178.374778
18.900000	22.107813	-178.474778
18.910000	22.112520	-178.574778
18.920000	22.117224	-178.674778
18.930000	22.121926	-178.774778
18.940000	22.126626	-178.874778
18.950000	22.131324	-178.974778
18.960000	22.136020	-179.074778
18.970000	22.140713	-179.174778
18.980000	22.145404	-179.274778
18.990000	22.150093	-179.374778
19.000000	22.154780	-179.474778
19.010000	22.159465	-179.574778
19.020000	22.164147	-179.674778
19.030000	22.168827	-179.774778
19.040000	22.173505	-179.874778
19.050000	22.178181	-179.974778
19.060000	22.182855	-180.074778
19.070000	22.187526	-180.174778
19.080000	22.192195	-180.274778
19.090000	22.196862	-180.374778
19.100000	22.201527	-180.474778
19.110000	22.206190	-180.574778
19.120000	22.210851	-180.674778
19.130000	22.215509	-180.774778
19.140000	22.220165	-180.874778
19.150000	22.224819	-180.974778
19.160000	22.229471	-181.074778
19.170000	22.234121	-181.174778
19.180000	22.238768	-181.274778
19.190000	22.243414	-181.374778
19.200000	22.248057	-181.474778
19.210000	22.252698	-181.574778
19.220000	22.257337	-181.674778
19.230000	22.261974	-181.774778
19.240000	22.266608	-181.874778
19.250000	22.271241	-181.974778
19.260000	22.275871	-182.074778
19.270000	22.280499	-182.174778
19.280000	22.285125	-182.274778
19.290000	22.289749	-182.374778
19.300000	22.294371	-182.474778
19.310000	22.298991	-182.574778
19.320000	22.303608	-182.674778
19.330000	22.308223	-182.774778
19.340000	22.312837	-182.874778
19.350000	22.317448	-182.974778
19.360000	22.322057	-183.074778
19.370000	22.326663	-183.174778
19.380000	22.331268	-183.274778
19.390000	22.335871	-183.374778
19.400000	22.340471	-183.474778
19.410000	22.345070	-183.574778
19.420000	22.349666	-183.674778
19.430000	22.354260	-183.774778
19.440000	22.358852	-183.874778
19.450000	22.363442	-183.974778
19.460000	22.368030	-184.074778
19.470000	22.372616	-184.174778
19.480000	22.377199	-184.274778
19.490000	22.381781	-184.374778
19.500000	22.386360	-184.474778
19.510000	22.390937	-184.574778
19.520000	22.395513	-184.674778
19.530000	22.400086	-184.774778
19.540000	22.404657	-184.874778
19.550000	22.409226	-184.974778
19.560000	22.413793	-185.074778
19.570000	22.418357	-185.174778
19.580000	22.422920	-185.274778
19.590000	22.427481	-185.374778
19.600000	22.432039	-185.474778
19.610000	22.436596	-185.574778
19.620000	22.441150	-185.674778
19.630000	22.445702	-185.774778
19.640000	22.450252	-185.874778
19.650000	22.454801	-185.974778
19.660000	22.459347	-186.074778
19.670000	22.463891	-186.174778
19.680000	22.468433	-186.274778
19.690000	22.472972	-186.374778
19.700000	22.477510	-186.474778
19.710000	22.482046	-186.574778
19.720000	22.486580	-186.674778
19.730000	22.491111	-186.774778
19.740000	22.495641	-186.874778
19.750000	22.500169	-186.974778
19.760000	22.504694	-187.074778
19.770000	22.509218	-187.174778
19.780000	22.513739	-187.274778
19.790000	22.518258	-187.374778
19.800000	22.522776	-187.474778
19.810000	22.527291	-187.574778
19.820000	22.531804	-187.674778
19.830000	22.536315	-187.774778
19.840000	22.540825	-187.874778
19.850000	22.545332	-187.974778
19.860000	22.549837	-188.074778
19.870000	22.554340	-188.174778
19.880000	22.558841	-188.274778
19.890000	22.563340	-188.374778
19.900000	22.567837	-188.474778
19.910000	22.572332	-188.574778
19.920000	22.576825	-188.674778
19.930000	22.581316	-188.774778
19.940000	22.585805	-188.874778
19.950000	22.590292	-188.974778
19.960000	22.594776	-189.074778
19.970000	22.599259	-189.174778
19.980000	22.603740	-189.274778
19.990000	22.608219	-189.374778
20.000000	22.612696	-189.474778
